easingAngle = [ 0.0, 0.0, 1.0, 1.0 ]
easingDim1 = [ 0.0, 0.0, 1.0, 1.0 ]
easingDim2 = [ 0.0, 0.0, 1.0, 1.0 ]
easingSpeed = [ 0.0, 0.0, 1.0, 1.0 ]
endDim1 = 5.0
endDim2 = 5.0
endRadians = 0.0
spline = [ [ 43.529605865478516, -26.470237731933594 ], [ 67.250091552734375, -29.249645233154297 ], [ 61.9998779296875, 28.250337600708008 ], [ 41.9998779296875, 8.5003376007080078 ] ]
startDim1 = 5.0
startDim2 = 9.4130001068115234
startRadians = 0.0