easingAngle = [ 0.0, 0.0, 1.0, 1.0 ]
easingDim1 = [ 0.0, 0.0, 1.0, 1.0 ]
easingDim2 = [ 0.0, 0.0, 1.0, 1.0 ]
easingSpeed = [ 0.0, 0.0, 1.0, 1.0 ]
endDim1 = 5.0
endDim2 = 5.0
endRadians = 0.0
spline = [ [ 33.575035095214844, 42.399539947509766 ], [ 44.540260314941406, 108.03939056396484 ], [ -3.2425956726074219, 34.615776062011719 ], [ 18.320964813232422, 52.371414184570312 ] ]
startDim1 = 14.968000411987305
startDim2 = 5.0
startRadians = 0.0