easingAngle = [ 0.0, 0.0, 1.0, 1.0 ]
easingDim1 = [ 0.0, 0.0, 1.0, 1.0 ]
easingDim2 = [ 0.0, 0.0, 1.0, 1.0 ]
easingSpeed = [ 0.0, 0.0, 1.0, 1.0 ]
endDim1 = 5.0
endDim2 = 5.0
endRadians = 0.0
name = 'prova'
spline = [ [ -54.499416351318359, -192.50001525878906 ], [ 39.250022888183594, -22.999732971191406 ], [ 39.250022888183594, -22.999732971191406 ], [ -54.999767303466797, -38.000019073486328 ] ]
startDim1 = 5.0
startDim2 = 5.0
startRadians = 0.0