easingAngle = [ 0.0, 0.0, 1.0, 1.0 ]
easingDim1 = [ 0.0, 0.0, 1.0, 1.0 ]
easingDim2 = [ 0.0, 0.0, 1.0, 1.0 ]
easingSpeed = [ 1.046875, 0.0390625, 1.0546875, 0.03125 ]
endDim1 = 30.0
endDim2 = 5.0
endRadians = 0.0
name = 'spadata'
spline = [ [ 2.2222497463226318, -30.555351257324219 ], [ 46.11114501953125, -33.055191040039062 ], [ 47.777557373046875, 33.333671569824219 ], [ 2.2220220565795898, 31.389106750488281 ] ]
startDim1 = 30.0
startDim2 = 5.0
startRadians = 0.0