easingAngle = [ 0.0, 0.0, 1.0, 1.0 ]
easingDim1 = [ 0.0, 0.0, 1.0, 1.0 ]
easingDim2 = [ 0.0, 0.0, 1.0, 1.0 ]
easingSpeed = [ 0.0, 0.0, 1.0, 1.0 ]
endDim1 = 5.0
endDim2 = 5.0
endRadians = 0.0
name = 'straight'
spline = [ [ -6.195390596985817e-05, 0.2501220703125 ], [ -6.195390596985817e-05, 0.2501220703125 ], [ 64.74993896484375, 0.2503599226474762 ], [ 64.74993896484375, 0.2503599226474762 ] ]
startDim1 = 5.0
startDim2 = 5.0
startRadians = 0.0