expByLevel = 100
fps = 0
pointsAtStart = 1
pointsByAttr = 3
pointsByLevel = 3
strategy = 0
subAttrAtStart = [ 20.0, 100.0, 0.0, 0.0, 0.0, 0.0, 1.2000000476837158, 0.80000001192092896, 0.0, 0.0, 0.0, 0.0, 5.0, 50.0, 0.0, 0.0, 0.0, 0.0 ]
subAttrMultipliers = [ 0.0, 0.0, 0.0, 0.0, 0.0, 0.0, 0.0, 0.0, 0.0, 0.0, 0.0, 0.0, 0.0, 0.10000000149011612, 0.0, 0.0, 0.0, 0.0 ]